5 18 945
2 1 993
9 7 871
18 16 754
19 20 196
6 10 342
15 7 365
15 12 824
9 4 998
2 10 906
17 2 637
16 12 857
2 15 652
1 6 842
2 20 438
17 3 711
14 13 270
2 10 650
1 8 438
9 14 141
18 15 931
14 13 857
16 9 902
3 1 876
3 17 506
13 8 680
4 19 148
20 8 690
4 13 1
5 8 237
17 7 808
4 19 483
1 13 214
3 8 766
15 6 886
11 17 665
17 10 27
11 4 940
10 1 265
14 5 753
13 9 403
19 8 829
9 10 917
7 1 661
3 5 179
11 9 533
17 5 555
20 11 255
15 9 669
2 5 932
14 1 194
13 11 654
20 12 46
14 15 656
7 15 487
7 12 782
6 1 65
11 12 574
2 4 739
18 16 911
3 8 894
13 7 840
6 12 678
6 20 882
6 10 457
2 16 931
15 3 411
2 19 717
7 9 984
12 2 361
4 13 425
20 9 701
20 15 989
20 3 482
12 2 657
9 20 202
3 13 247
3 12 863
10 9 838
6 16 659
16 5 582
11 6 67
14 1 867
16 5 186
20 10 67
6 8 410
7 10 115
17 13 34
6 2 888
9 8 566
7 17 915
18 5 568
15 4 699
18 20 536
20 13 875
17 15 398
6 9 77
16 20 557
14 19 949
12 7 950
18 10 344
12 17 536
10 11 976
15 19 59
2 5 404
11 7 37
6 9 282
2 20 474
17 13 502
13 7 378
3 9 98
8 6 555
8 10 429
3 7 565
15 10 148
14 18 56
6 18 292
20 9 699
12 6 740
4 15 545
1 15 144
6 5 409
17 8 584
10 19 932
8 17 967
11 19 866
4 6 337
17 6 777
18 20 946
13 11 405
20 9 25
6 12 970
15 6 905
1 12 667
9 2 544
3 15 425
20 1 901
8 5 334
4 15 125
2 17 130
13 3 626
8 3 695
8 9 158
10 20 768
10 6 859
19 10 678
15 9 388
14 20 918
12 2 468
3 8 684
7 12 486
10 9 312
1 6 344
5 3 776
5 3 39
8 12 244
5 18 364
5 3 842
5 14 917
3 6 588
6 7 832
12 17 829
9 10 725
5 3 727
4 14 238
14 4 992
20 17 173
16 4 941
13 17 787
11 2 836
6 13 108
12 14 839
11 6 287
1 5 180
13 4 797
18 11 946
12 16 864
12 9 59
7 6 494
1 17 676
9 2 150
16 6 152
2 18 88
17 9 573
3 14 983
1 13 268
11 7 3
2 14 835
14 8 454
9 16 749
12 18 128
15 12 272
15 7 465
18 20 494
16 13 404
10 1 816
8 3 625
9 3 663
10 19 726
5 14 705
16 10 990
3 19 465
4 10 440
2 6 422
1 19 706
17 7 194
14 19 880
13 20 566
10 16 14
4 1 931
14 17 562
17 7 418
17 16 471
17 6 937
6 2 342
11 15 410
14 19 262
19 10 57
17 16 240
8 2 956
13 17 172
17 5 746
16 20 717
12 16 885
13 2 949
2 19 916
7 16 122
20 10 204
3 6 921
4 10 231
19 15 631
8 10 867
3 15 656
3 10 553
1 7 682
12 17 998
5 17 885
8 14 368
17 11 754
19 13 154
9 11 342
20 16 181
9 19 27
11 18 510
16 2 299
20 13 464
7 17 93
18 13 803
14 1 980
6 7 381
10 15 380
4 18 24
17 7 361
8 11 959
12 5 23
18 17 896
17 9 449
6 12 87
18 20 366
7 4 405
15 7 845
9 2 777
9 6 545
20 15 740
15 17 708
20 12 524
2 14 510
17 4 976
10 16 885
4 1 372
17 8 238
7 14 57
8 16 76
19 2 819
3 5 357
20 19 383
19 6 643
19 1 511
1 13 454
1 10 709
5 10 574
16 13 276
9 5 280
17 19 923
5 18 354
4 15 487
16 13 740
15 13 995
14 19 222
7 13 400
6 11 167
15 9 4
12 17 904
2 16 286
6 8 728
11 8 911
6 14 149
18 16 339
2 6 303
14 8 494
3 5 502
12 5 922
20 14 861
17 3 356
14 2 220
2 19 765
8 3 866
8 1 195
13 3 911
4 8 505
15 18 143
16 17 312
20 18 455
17 16 187
3 4 462
12 4 518
15 14 630
8 2 234
5 14 668
10 8 738
16 15 967
3 2 434
9 3 986
6 9 211
11 16 417
2 18 528
17 4 79
18 14 853
17 18 588
12 3 289
2 20 559
10 1 885
9 16 783
9 4 451
8 12 181
18 14 293
2 14 556
19 7 445
3 14 505
16 4 970
7 5 16
10 15 51
14 11 966
1 10 183
18 15 80
13 1 54
14 10 226
20 10 535
14 11 948
19 14 588
14 4 907
11 18 87
17 8 440
10 4 855
2 19 128
6 9 361
19 14 565
13 3 245
16 17 525
9 4 776
20 2 532
5 16 71
20 11 944
3 10 843
15 14 796
11 4 68
5 17 156
17 11 989
6 13 741
4 20 301
7 12 659
5 8 123
8 18 639
9 15 647
7 14 713
4 9 274
14 17 793
15 4 401
12 8 322
14 8 788
10 18 300
10 20 317
9 3 317
16 14 842
13 7 9
8 13 58
20 7 926
4 20 852
18 12 670
5 6 396
5 11 743
10 9 671
4 19 426
3 5 606
3 4 2
15 3 777
13 5 405
16 10 143
16 2 457
15 18 582
20 2 501
11 1 419
5 19 861
15 17 604
4 14 120
13 11 771
1 2 856
17 11 547
17 4 855
19 3 493
2 16 241
3 9 461
9 10 410
3 7 371
9 12 500
17 20 825
11 4 429
9 20 760
17 8 404
9 20 550
18 13 603
20 5 556
20 12 138
8 4 712
19 8 701
10 7 412
18 13 540
3 6 425
9 3 216
15 16 366
5 11 755
3 20 366
14 11 865
19 14 629
12 11 541
20 18 123
3 6 101
6 12 799
5 11 687
15 9 849
20 10 220
9 11 374
3 15 279
7 20 460
19 17 653
5 17 298
17 14 122
19 15 418
10 7 123
15 1 885
19 15 977
11 1 694
8 2 694
7 20 292
20 12 418
14 20 86
12 7 186
9 20 112
10 6 480
8 7 162
6 14 699
1 8 302
7 16 88
1 20 363
3 13 296
7 11 159
12 1 691
18 11 824
4 6 505
10 14 363
9 13 206
9 16 953
15 5 12
6 16 927
7 13 542
13 18 813
9 15 304
11 1 747
18 10 461
5 12 989
15 13 701
9 18 322
7 18 764
15 6 945
16 17 760
15 10 264
9 7 342
16 3 805
14 3 98
18 14 955
14 13 358
7 9 57
16 15 392
10 9 646
6 2 411
2 17 883
15 12 176
1 8 856
14 19 937
10 19 725
20 5 952
10 20 359
9 11 642
9 16 454
8 14 130
13 16 108
12 2 778
19 3 783
20 16 807
19 16 827
15 11 997
10 6 442
14 8 549
6 12 151
15 5 374
1 20 589
13 17 391
10 20 592
8 1 94
11 4 986
11 13 419
19 3 492
15 6 453
2 12 500
12 7 787
10 8 767
11 19 232
11 6 587
5 17 133
3 12 610
17 16 101
17 11 250
16 15 501
10 12 6
7 20 15
11 17 287
9 5 108
15 5 12
16 11 539
4 15 615
2 18 739
7 2 169
10 12 83
2 7 586
5 6 603
9 17 998
4 6 298
7 19 26
8 10 744
14 11 381
12 20 327
19 9 182
14 20 840
16 11 990
14 16 228
19 18 86
8 9 289
20 9 346
20 16 199
15 3 654
13 16 222
7 8 199
5 4 660
8 4 703
8 1 862
10 13 598
7 8 223
9 1 312
1 19 44
10 11 299
5 6 892
20 7 632
7 11 117
6 17 956
11 16 781
5 15 610
5 20 218
4 15 698
14 8 116
10 17 33
16 13 866
20 2 568
20 5 863
2 16 698
13 11 963
4 2 496
8 14 584
13 15 772
8 20 828
10 1 376
19 10 641
17 5 756
13 17 864
8 2 374
4 11 125
14 10 409
11 3 202
9 16 850
17 16 389
12 10 499
19 2 299
1 2 279
7 2 281
6 2 723
2 15 218
6 5 204
12 3 854
9 2 248
19 15 662
11 17 86
17 18 575
2 14 30
4 5 439
19 4 457
19 15 185
13 2 597
5 1 891
8 16 273
7 1 350
9 2 570
17 2 925
8 18 969
17 8 433
5 4 587
13 11 93
19 9 441
18 12 523
5 16 659
4 7 676
8 2 940
5 13 57
14 3 181
5 14 733
1 16 167
5 11 527
17 7 76
9 5 868
9 14 478
5 16 934
18 19 744
19 2 955
8 7 145
19 17 937
7 10 76
3 15 343
5 11 644
7 10 888
1 2 97
10 8 95
5 19 171
16 9 85
3 1 150
15 7 116
10 13 195
7 2 817
11 15 743
20 17 868
20 3 549
9 5 218
10 16 148
20 3 375
4 1 264
1 9 605
16 19 732
4 10 49
18 9 877
1 10 862
20 6 269
18 20 854
2 12 743
12 9 468
19 4 842
10 7 772
16 17 429
5 13 189
9 4 581
14 18 540
7 8 594
15 3 133
8 6 409
8 7 83
8 15 591
2 16 349
9 1 764
2 17 353
11 4 96
10 4 608
19 18 156
2 12 501
2 6 567
6 10 679
1 15 279
3 19 197
5 15 722
17 11 815
1 6 93
20 13 463
20 9 232
4 10 886
10 20 918
20 13 574
15 1 853
8 1 618
7 17 988
6 9 515
19 17 134
12 20 116
9 4 509
17 5 341
17 14 526
8 18 648
1 3 570
6 11 314
3 16 636
7 12 5
3 11 148
10 7 421
20 6 428
8 6 170
1 12 546
3 11 405
4 20 433
16 6 506
16 9 730
14 12 851
6 3 837
8 15 689
18 11 249
7 13 262
8 10 616
2 1 701
14 7 183
11 13 661
2 7 353
17 5 338
18 4 824
1 11 947
8 18 389
9 8 790
9 17 685
17 1 492
13 15 109
18 8 984
12 8 516
7 4 719
16 15 997
16 5 385
2 12 82
14 9 32
19 10 381
17 18 266
17 9 245
19 6 290
4 3 869
4 20 308
13 9 27
17 9 120
13 10 23
7 15 12
10 1 715
19 11 433
17 3 153
9 3 367
4 7 71
2 16 102
19 2 6
16 5 510
1 9 395
7 3 865
7 19 524
2 20 179
14 3 894
2 7 812
12 10 922
18 5 673
10 13 424
16 1 190
1 4 962
4 2 584
19 15 120
12 6 19
2 20 263
1 8 677
14 17 389
2 1 702
13 17 855
17 3 756
4 15 575
10 3 17
15 3 512
20 13 120
15 16 671
10 9 724
16 10 234
18 5 586
4 19 751
7 3 389
10 7 779
7 3 475
9 14 506
17 2 555
10 4 101
10 19 73
8 15 104
8 2 513
20 4 684
2 17 154
16 9 506
9 15 219
18 3 882
14 10 912
12 16 233
12 18 970
11 7 484
3 18 467
1 2 530
20 14 347
18 17 580
11 2 184
4 9 850
10 12 93
8 9 969
16 5 66
14 16 889
8 15 538
7 2 491
13 4 555
13 6 804
2 13 710
7 20 757
14 13 592
8 18 710
3 19 452
3 20 939
11 10 869
15 5 618
3 14 545
2 20 608
2 10 844
15 13 899
13 2 288
8 16 184
4 11 986
14 9 914
3 19 149
19 5 562
20 9 80
8 20 737
14 10 62
10 19 189
8 17 227
5 20 396
19 7 509
6 5 646
11 7 437
10 8 663
15 17 167
1 6 931
9 19 306
14 20 724
4 15 891
9 5 134
14 5 613
7 3 210
17 4 593
17 18 436
9 15 802
5 9 997
16 1 460
11 16 257
6 11 609
3 20 316
18 8 195
16 5 531
16 10 638
12 11 938
7 17 609
19 6 851
12 15 54
18 6 529
20 6 21
1 19 835
17 5 781
15 17 389
1 17 37
1 3 773
14 3 298
2 5 68
4 10 492
10 14 205
4 6 941
2 17 273
4 9 332
19 20 740
14 1 116
7 8 934
13 19 18
8 4 905
3 7 365
10 14 391
6 5 709
12 8 246
18 3 989
12 7 173
2 6 789
9 19 160
12 5 451
13 4 908
19 2 195
13 18 370
9 1 437
15 1 672
1 10 513
5 17 839
13 20 27
10 4 630
11 19 903
20 15 945
2 14 839
18 13 850
11 8 307
18 14 981
11 4 465
19 6 486
5 3 858
13 5 370
4 12 897
15 7 872
12 3 494
4 16 576
16 17 254
15 17 418
15 16 106
2 19 389
19 6 174
7 10 567
12 13 137
2 6 691
12 14 350
12 17 724
16 13 332
9 5 945
17 13 13
13 18 875
19 15 827
18 19 292
13 5 328
5 17 345
13 2 887
13 15 243
4 19 426
17 20 739
3 19 836
8 3 374
16 2 291
16 18 447
7 2 670
14 10 501
1 4 847
19 17 169
11 19 892
16 20 121
5 6 800
16 11 685
1 18 806
9 4 107
8 7 803
11 19 208
4 9 362
4 14 139
15 17 54
19 10 410
6 10 884
10 4 352
3 5 267
8 4 732
18 5 649
7 3 464
2 18 895
1 17 232
9 7 101
5 17 315
15 13 718
15 19 707
20 2 103
18 3 340
6 17 872
5 19 12
6 8 422
4 17 993
12 1 733
8 9 45
5 10 257
13 20 720
4 17 986
16 19 602
7 8 314
18 20 466
6 12 383
4 9 918
1 10 498
4 3 908
15 5 940
14 20 552
12 15 464
10 6 915
9 10 241
1 8 394
7 8 758
1 3 520
16 20 481
14 3 306
6 4 407
4 11 216
17 5 321
6 3 194
20 5 916
12 14 803
2 1 318
2 18 461
16 20 848
19 6 292
4 10 560
8 16 76
6 4 203
7 16 13
6 8 357
13 11 663
19 1 371
17 18 982
6 7 421
19 15 198
14 1 679
5 7 510
6 1 421
14 3 803
1 5 852
18 3 26
16 2 190
20 1 94
15 1 337
18 3 10
20 15 771
2 12 357
13 7 952
10 6 184
6 4 506
10 19 390
15 18 751
2 8 199
13 3 594
2 4 422
9 17 369
20 7 737
13 2 176
13 17 544
12 14 882
12 2 920
18 1 525
17 4 927
11 17 141
10 18 937
10 7 876
12 1 962
8 9 898
12 13 379
18 5 562
14 19 91
19 18 152
6 15 663
11 8 641
17 3 681
17 20 553
8 7 440
6 10 349
9 8 809
1 4 436
4 9 996
18 14 145
6 9 126
1 14 129
5 20 403
12 11 837
20 18 134
9 16 427
14 18 233
7 18 386
3 2 401
4 13 529
9 12 240
14 7 166
10 17 197
5 15 189
1 6 473
2 19 623
10 15 179
6 10 381
20 3 250
20 10 743
1 20 577
16 8 54
11 16 684
6 15 628
1 13 906
5 3 483
17 20 843
2 5 317
18 2 753
12 8 938
18 11 677
19 13 640
12 7 410
6 14 241
9 2 558
7 5 195
13 10 673
5 16 900
15 1 125
10 20 968
4 7 235
2 4 914
18 13 189
2 11 85
6 2 99
8 7 64
17 16 551
2 20 504
2 16 403
2 18 785
12 1 961
5 13 194
8 4 381
20 6 97
16 17 327
7 8 198
4 7 263
5 1 638
15 10 28
4 13 861
1 5 44
10 8 376
5 8 974
17 19 216
15 9 187
9 12 335
5 9 550
8 14 381
6 9 818
10 17 498
9 2 966
8 7 261
4 11 314
10 16 256
2 5 511
14 9 27
3 7 508
13 1 694
20 3 183
11 8 679
8 3 374
6 9 466
6 20 696
19 6 23
6 15 785
4 10 797
12 3 913
4 12 697
1 12 588
12 5 529
16 7 435
6 7 984
7 10 453
4 10 257
11 9 832
2 18 5
11 13 523
20 4 436
8 5 44
11 16 669
18 13 900
11 7 354
6 12 80
20 3 829
17 18 500
17 19 278
7 12 181
5 8 571
9 2 199
8 18 702
13 16 569
8 3 976
15 4 531
10 14 675
19 7 496
11 19 588
9 12 200
1 20 877
2 3 781
9 17 992
8 7 776
6 3 398
5 2 519
9 20 338
3 18 893
6 13 728
18 6 956
4 14 196
20 7 364
18 4 105
1 5 979
10 9 988
1 16 198
10 8 415
3 17 903
13 11 481
3 18 504
20 1 722
2 1 426
5 17 540
7 9 27
8 13 59
6 4 488
10 3 28
11 14 651
8 18 116
11 15 20
2 8 808
5 2 904
3 19 6
2 7 125
12 5 610
20 12 247
13 17 585
17 5 724
19 10 351
2 5 467
2 20 682
15 9 723
14 19 890
1 17 11
8 18 292
12 17 685
9 7 890
6 15 232
14 4 386
17 15 622
11 5 45
12 20 801
7 3 447
3 5 996
19 17 960
17 12 802
10 5 463
3 19 810
20 14 657
20 19 807
14 16 597
3 17 362
8 12 342
14 7 348
1 14 882
18 11 70
16 8 731
8 10 43
14 5 764
9 7 878
15 11 903
6 8 516
3 2 419
5 14 60
4 7 643
10 7 41
9 10 303
6 4 837
18 7 143
20 12 150
16 4 34
6 11 703
20 15 286
5 18 287
3 13 161
12 3 932
2 1 111
8 17 52
6 14 128
3 4 581
19 10 983
20 9 751
6 19 233
14 4 214
16 15 366
20 13 2
1 14 30
3 11 515
14 16 534
1 8 445
12 16 80
4 17 194
12 11 728
11 14 416
18 9 243
15 12 610
12 20 742
8 16 592
3 6 322
15 9 472
17 3 516
2 20 470
16 14 336
3 16 49
5 2 60
6 3 229
4 6 434
20 17 300
9 17 174
3 19 174
17 7 676
20 15 757
9 8 805
4 3 101
6 1 293
17 2 347
10 12 878
11 20 324
8 17 999
5 2 445
6 13 834
9 12 332
18 6 993
12 16 545
2 19 141
20 19 845
4 11 373
17 2 311
8 20 771
16 4 104
18 6 383
5 19 836
20 4 33
15 7 349
3 11 180
6 13 243
17 6 176
20 11 973
19 11 96
20 10 80
9 18 576
11 2 614
11 5 294
18 17 447
10 11 414
4 13 209
1 8 827
20 19 181
5 18 144
2 13 756
16 19 795
20 12 305
4 2 545
10 9 391
14 2 491
3 7 342
16 6 456
13 6 23
16 9 709
19 11 624
5 9 123
3 8 825
20 19 617
19 6 396
5 7 194
6 12 691
2 5 502
19 5 919
15 7 826
11 20 461
1 14 311
9 5 5
5 20 902
15 17 287
18 11 398
11 13 684
15 9 51
1 13 558
10 7 935
13 16 649
1 17 375
2 19 389
12 18 79
16 7 659
11 18 816
7 8 246
20 6 878
14 16 589
15 7 610
12 20 246
4 7 719
8 18 515
8 1 933
5 7 607
18 13 910
16 4 998
19 20 458
5 8 401
9 12 90
12 10 352
14 19 89
18 3 356
7 2 157
1 20 815
19 13 244
19 15 607
4 20 960
8 12 505
6 17 213
7 11 804
10 19 540
6 9 211
8 19 528
16 4 774
9 2 843
18 19 954
13 11 774
13 17 146
8 4 609
11 19 303
18 13 245
5 10 697
2 3 533
20 9 970
13 3 222
9 13 520
2 17 656
5 16 694
8 6 514
18 7 623
5 2 723
6 10 137
13 10 127
5 1 906
11 5 788
12 1 738
12 1 755
13 1 350
9 7 539
20 17 636
9 12 419
2 12 445
18 13 889
20 8 738
4 17 338
20 14 657
19 2 339
16 11 126
6 17 933
7 20 338
18 14 309
17 11 451
1 2 503
11 10 84
12 14 564
17 5 582
5 9 595
17 2 639
3 5 10
16 14 325
19 10 137
19 20 78
12 8 196
8 4 295
19 2 602
1 4 702
13 16 673
8 14 838
9 10 803
13 2 814
19 6 939
18 11 449
13 5 855
17 13 219
4 13 221
19 15 154
7 17 367
8 4 337
20 1 313
2 10 767
9 19 394
9 4 845
15 13 659
18 5 305
6 12 174
19 18 721
3 8 295
11 6 60
16 13 244
12 15 199
6 12 687
18 11 187
1 18 283
9 6 69
6 17 25
8 19 61
13 10 194
11 16 116
14 9 683
1 8 80
20 18 108
11 1 992
3 4 326
18 7 209
13 19 64
16 15 146
4 10 788
15 12 683
1 12 355
8 6 611
1 8 575
5 16 591
17 12 915
11 12 45
16 5 214
9 18 15
3 14 991
17 6 248
17 3 168
8 20 233
12 3 890
19 5 901
12 6 664
1 5 881
19 17 50
19 2 514
17 9 971
8 11 700
11 3 918
9 3 536
5 11 188
7 8 138
16 3 533
12 7 21
9 11 272
8 13 938
7 17 403
20 10 131
15 10 991
3 5 899
7 13 558
15 5 851
16 3 894
2 12 665
11 16 988
19 13 496
17 10 2
11 10 384
8 10 685
11 5 926
5 18 339
17 7 510
14 17 771
14 9 942
13 19 653
12 9 322
15 11 950
9 14 371
20 14 639
15 12 850
11 5 394
5 16 952
11 4 137
7 17 982
20 8 572
16 8 913
13 7 171
13 6 291
10 17 426
17 11 855
6 10 755
18 14 698
5 16 308
11 18 385
2 15 518
1 4 880
6 19 568
9 2 273
16 13 153
10 7 265
18 15 423
7 20 594
12 14 788
19 8 87
12 7 921
12 11 76
5 10 302
20 3 117
5 19 405
11 1 363
8 5 993
19 7 109
5 3 767
16 9 187
18 1 816
7 9 104
15 14 253
6 5 344
7 17 656
10 16 119
17 18 63
12 15 356
2 9 418
8 18 361
8 10 308
16 12 465
15 2 723
2 11 509
11 6 193
9 1 958
13 18 945
10 5 675
12 4 486
6 17 42
14 20 90
1 20 1
7 3 198
11 12 893
20 17 402
11 12 938
5 17 846
14 15 708
16 19 39
12 4 548
8 2 507
15 1 464
2 4 980
12 14 619
17 16 372
8 6 796
3 16 545
1 5 437
14 16 405
13 19 61
8 4 696
17 6 393
14 12 517
10 13 583
11 20 940
1 9 286
17 11 483
8 7 344
6 4 354
12 17 870
14 7 392
1 3 721
7 1 954
18 17 520
18 15 933
19 17 512
19 7 917
18 14 766
15 2 707
15 11 498
17 14 605
7 6 513
1 20 923
11 20 482
15 7 517
20 4 212
2 8 120
4 14 295
4 18 933
18 10 749
9 19 728
15 16 154
20 5 456
8 1 671
18 11 327
4 17 396
18 1 328
6 7 273
1 9 218
16 2 526
15 1 727
6 4 740
13 8 140
19 11 963
6 13 470
17 11 661
12 20 514
8 12 668
4 16 204
9 20 675
1 11 376
19 3 661
3 15 601
18 5 891
16 11 917
6 9 902
20 2 301
17 6 28
18 11 845
8 18 847
7 13 799
18 8 971
2 4 113
16 19 939
16 5 534
14 4 154
20 13 425
8 3 868
13 9 487
14 18 123
10 16 931
13 4 683
2 16 846
1 9 790
2 16 572
10 5 145
3 10 812
13 3 511
6 10 157
14 20 339
13 3 747
19 1 665
20 13 586
18 1 748
7 10 26
8 6 764
16 9 464
17 11 92
14 4 286
7 14 94
17 14 912
15 18 434
9 4 48
14 4 340
5 20 822
18 8 773
12 4 940
9 5 188
19 5 864
18 20 302
9 5 293
9 12 786
16 3 445
10 13 967
17 13 465
1 19 898
20 12 306
8 1 623
16 15 236
11 19 819
20 3 669
5 1 521
13 11 479
9 11 180
19 3 819
19 17 93
12 3 448
16 7 486
17 12 635
12 2 405
2 10 188
16 1 400
2 9 160
1 12 710
2 13 527
13 4 968
6 15 599
6 8 776
8 5 17
13 3 856
17 19 807
16 3 215
19 14 30
10 4 589
18 15 754
17 15 921
10 11 105
8 15 451
12 2 481
14 5 966
20 19 615
1 14 792
20 10 780
4 7 983
1 20 167
16 1 218
10 20 85
19 18 693
12 11 208
3 20 24
11 13 611
3 12 355
2 9 734
10 6 49
11 5 332
13 9 905
18 14 324
13 12 651
2 13 756
2 12 857
15 17 279
7 8 376
18 9 494
7 19 994
10 19 624
17 5 865
19 12 137
12 19 886
5 11 992
13 2 573
7 4 650
5 6 731
15 14 572
5 16 764
11 2 386
13 3 526
16 2 974
15 4 546
16 1 782
18 7 287
13 7 660
18 10 443
8 14 615
17 15 251
1 18 325
12 17 530
4 15 616
10 5 362
18 2 952
17 9 447
4 2 257
16 18 125
4 1 498
10 7 450
12 10 173
7 3 872
3 11 423
11 1 891
6 4 503
18 8 269
6 18 492
3 2 992
20 4 69
1 18 626
20 6 155
15 12 147
10 19 117
7 8 432
15 11 327
10 9 283
18 11 820
10 12 385
8 6 860
20 16 529
9 6 460
16 13 226
5 16 602
13 6 414
12 15 109
9 13 687
4 7 336
13 3 729
7 10 75
5 8 653
5 17 358
12 3 88
20 3 357
5 2 690
3 12 470
9 7 968
8 19 152
1 11 657
15 14 745
8 20 189
1 10 415
7 15 53
20 5 116
15 16 944
4 5 297
16 6 407
13 18 437
10 13 995
20 13 548
10 19 304
9 7 128
17 3 899
9 8 963
20 15 712
16 5 494
20 2 611
11 1 649
16 10 265
13 5 595
11 6 471
15 11 987
19 17 107
12 18 885
8 2 15
6 7 386
6 13 196
6 18 66
9 1 138
17 12 538
17 19 879
7 2 685
13 5 389
7 15 573
4 5 433
6 10 148
7 15 758
12 3 98
6 18 340
20 18 335
16 3 39
5 13 429
19 14 533
17 11 950
18 9 502
11 18 37
12 14 823
20 6 701
19 15 948
15 16 165
7 19 115
14 13 533
9 13 116
19 18 57
12 17 615
20 19 571
10 5 481
13 9 569
16 14 332
5 7 370
20 11 425
8 12 11
9 16 82
11 14 629
2 20 946
9 20 566
20 11 439
16 20 9
10 8 868
18 2 687
18 11 786
11 15 588
10 9 551
12 18 362
2 8 516
7 5 190
9 15 566
2 5 285
1 3 589
14 12 240
7 15 918
14 19 565
13 19 181
18 20 313
2 16 874
8 12 239
11 12 927
17 5 577
19 2 657
12 19 266
1 15 352
11 8 154
12 19 681
3 10 754
8 10 810
15 16 278
14 20 834
9 8 597
8 2 313
2 8 35
12 1 313
7 20 152
14 4 681
1 11 320
8 13 604
5 1 613
5 4 130
1 2 406
8 18 851
15 3 737
13 7 34
12 17 704
9 20 278
7 4 299
6 17 762
18 8 443
8 7 505
10 3 192
5 16 911
10 3 774
15 17 234
12 19 789
10 16 906
5 6 260
16 1 773
7 5 140
2 8 467
20 8 787
12 8 117
7 15 386
19 3 374
13 18 969
14 17 263
14 5 940
18 12 535
4 18 612
14 3 57
17 9 53
18 2 994
18 3 9
20 10 266
13 6 101
10 15 605
5 18 693
17 16 906
11 8 558
17 3 779
2 12 305
6 19 164
5 8 689
9 4 341
17 1 49
20 5 730
19 5 307
3 8 785
4 8 960
16 11 194
2 16 702
5 11 714
20 15 813
13 14 394
7 2 95
8 15 129
13 6 913
1 13 427
12 7 296
11 7 444
12 10 170
5 1 785
9 5 359
3 20 635
5 2 418
1 14 13
20 14 496
3 8 84
16 11 275
12 10 662
16 11 729
18 3 503
1 14 976
11 8 873
2 6 513
4 16 70
9 20 599
1 14 456
7 20 132
9 7 101
19 8 263
13 6 71
10 13 159
6 15 140
17 16 806
5 1 835
15 2 923
7 12 700
8 5 122
11 6 960
8 3 874
8 20 829
14 13 691
20 19 972
15 8 708
4 13 657
12 20 484
13 17 693
8 11 316
18 12 812
20 19 81
3 1 755
17 14 205
2 18 869
15 12 996
3 6 803
14 3 371
8 2 417
14 9 621
7 11 493
7 19 215
16 12 649
7 8 707
15 13 26
15 1 103
20 10 506
18 7 719
16 10 842
5 4 85
18 11 372
7 16 111
10 5 647
3 17 107
5 3 266
9 12 566
8 13 381
19 2 68
15 13 468
1 15 560
18 1 209
6 9 751
13 20 951
8 9 487
6 20 270
9 17 174
1 17 510
6 4 834
16 12 499
8 14 156
12 6 241
19 7 560
15 10 861
1 10 230
18 2 531
20 17 878
10 13 295
16 10 986
2 9 607
14 1 400
10 13 12
13 17 617
2 17 41
16 14 630
5 2 12
15 19 787
9 15 439
7 9 757
14 20 980
18 10 642
4 14 882
4 5 368
17 5 46
4 13 824
19 4 476
17 6 364
20 15 312
20 19 897
15 4 793
7 12 618
17 20 452
13 5 217
5 16 144
12 4 431
8 14 711
18 2 853
5 6 117
13 10 380
10 18 752
11 9 886
9 13 307
20 9 302
6 18 877
5 6 435
17 15 600
19 12 278
12 3 274
18 5 854
20 2 880
1 7 203
7 18 811
1 17 461
8 15 419
10 6 79
10 14 316
11 6 610
3 12 101
5 19 74
12 15 202
1 12 794
11 12 145
20 3 521
14 18 318
19 10 588
11 5 237
2 18 805
11 20 41
20 7 266
3 7 419
2 11 192
11 7 6
3 6 816
14 10 191
6 8 17
11 6 672
5 16 370
9 18 537
10 14 477
10 5 496
4 3 996
20 18 223
7 10 937
10 2 966
8 17 77
10 2 933
9 7 97
6 3 506
5 11 213
10 1 963
1 2 431
2 20 287
19 16 731
17 18 716
8 7 401
3 12 871
20 9 143
7 14 414
3 11 514
17 15 504
3 10 439
16 8 538
4 18 101
11 16 77
8 7 752
13 11 965
4 11 706
13 1 44
9 17 470
16 5 993
12 10 166
15 18 453
4 10 361
10 19 55
17 16 53
8 15 649
18 20 533
10 18 591
13 11 710
1 13 769
2 6 30
16 3 309
13 1 241
13 12 553
15 7 580
7 8 117
12 4 594
14 10 86
14 13 675
8 4 589
2 13 68
1 18 248
9 20 570
4 19 626
4 10 40
15 10 498
10 3 288
12 8 308
17 11 696
14 15 905
6 5 243
18 4 348
3 17 47
12 20 611
6 5 602
9 2 5
9 17 615
9 20 147
12 6 608
10 4 567
17 12 464
4 17 357
7 6 910
16 19 273
17 15 723
15 9 548
1 14 714
8 18 332
17 4 755
20 10 133
5 11 832
8 9 15
16 8 72
19 2 133
12 7 714
16 11 776
11 9 802
19 2 690
1 4 337
11 4 934
10 17 62
5 8 852
12 5 204
8 14 360
19 13 696
10 9 146
7 10 499
16 10 813
20 8 440
12 20 713
3 11 634
1 19 153
3 11 719
19 5 71
12 16 457
12 2 357
14 16 234
9 1 504
9 7 284
11 4 784
11 17 617
17 13 860
5 1 855
18 2 360
6 7 508
8 11 3
4 7 371
7 12 309
10 11 763
4 7 955
13 14 234
13 7 420
7 18 518
9 18 972
6 7 59
17 7 886
7 17 839
18 20 372
8 18 172
4 18 576
16 1 525
4 16 423
1 9 986
9 3 34
6 16 94
14 1 565
6 17 50
15 17 182
12 16 755
12 4 653
5 11 676
11 16 361
18 10 953
14 2 779
7 2 260
15 5 625
3 15 712
9 15 831
3 13 240
15 6 300
20 3 245
8 13 360
13 9 40
18 15 495
18 20 770
14 20 890
11 9 335
19 2 364
12 5 743
5 2 574
19 14 184
10 3 932
12 2 176
12 10 290
19 15 841
19 17 774
10 1 460
20 19 347
12 20 350
6 10 625
18 11 228
9 15 218
19 1 67
7 13 974
5 16 473
8 9 146
3 14 808
14 7 563
5 19 396
12 2 194
18 14 717
18 9 602
10 12 420
18 12 174
18 15 979
1 15 268
2 12 230
5 18 491
19 9 989
10 14 161
15 19 541
15 12 403
6 15 851
19 15 525
17 16 734
12 2 11
14 4 513
15 2 308
6 12 517
3 7 971
7 19 898
16 17 111
9 11 116
13 6 875
1 19 844
18 6 172
8 17 348
13 18 842
7 14 906
1 14 75
8 9 912
5 1 797
13 2 151
10 11 745
20 11 784
14 18 300
17 13 770
6 3 316
13 7 539
11 19 187
17 18 994
18 3 306
15 7 426
10 8 180
5 10 972
10 19 552
17 5 749
20 14 793
19 10 334
11 16 507
12 17 929
7 13 527
1 7 735
9 18 516
10 20 656
15 12 148
3 10 887
8 1 129
1 2 959
16 4 944
4 7 884
13 2 193
19 3 271
9 12 697
5 17 293
4 7 917
5 6 507
15 6 293
6 9 882
1 5 39
19 1 794
11 12 226
15 10 561
17 10 168
6 17 731
15 1 117
6 8 651
3 2 400
16 1 787
15 1 404
5 10 919
17 2 619
5 10 905
2 6 642
1 2 727
11 16 60
18 8 402
7 16 904
20 17 746
15 10 93
1 15 847
4 7 866
8 17 971
9 19 43
17 4 103
4 17 599
10 12 752
13 6 388
1 10 388
4 5 654
4 11 419
14 10 256
2 16 695
7 14 311
18 12 647
2 19 552
4 8 597
1 10 480
8 14 586
12 4 83
3 12 620
12 1 355
20 14 948
10 16 657
15 19 347
19 2 180
1 12 982
14 19 193
4 11 844
4 6 559
7 12 242
11 19 329
6 10 717
4 3 826
3 20 458
13 2 463
7 15 828
19 16 908
19 7 59
13 7 592
2 13 832
18 14 838
11 10 683
14 19 997
10 1 896
10 16 815
11 5 507
19 5 204
8 9 786
8 4 727
12 4 974
10 7 505
16 5 447
19 10 457
12 2 876
14 17 693
16 17 647
17 4 413
17 7 758
18 5 421
2 20 857
5 6 700
15 3 613
17 4 948
14 8 322
16 5 770
4 17 570
4 7 650
11 2 335
17 9 448
3 20 307
7 17 576
11 19 642
7 2 565
2 11 420
11 13 759
8 14 391
1 7 443
10 17 49
6 12 754
15 13 757
9 19 437
10 4 292
18 2 883
16 10 615
10 19 215
6 3 749
10 16 654
17 14 760
11 8 677
1 16 169
20 2 626
19 16 601
10 18 714
1 10 372
18 1 560
8 1 823
15 16 496
7 17 675
11 13 765
18 8 994
6 13 75
6 20 111
1 10 821
6 15 140
17 9 776
10 13 752
13 17 298
7 15 409
3 11 171
7 15 717
1 5 90
11 3 942
14 6 349
7 1 344
13 10 199
18 20 5
4 5 944
1 3 407
5 15 392
5 2 474
11 10 766
18 19 49
20 16 130
14 20 164
7 5 713
17 6 642
2 10 977
11 5 720
11 14 313
14 5 688
5 11 94
5 11 417
18 2 438
14 20 872
12 2 871
17 4 711
14 16 889
13 14 63
16 3 85
6 4 318
12 8 474
1 16 936
13 1 563
7 20 409
14 7 797
11 6 659
14 10 61
8 11 115
2 17 429
15 5 392
20 3 940
8 4 378
15 8 421
8 12 747
14 6 613
4 14 860
19 12 179
4 6 816
14 16 627
5 2 542
11 14 813
13 17 964
2 20 341
17 14 583
6 16 592
18 1 87
10 14 690
6 8 139
4 15 910
18 19 333
11 13 295
19 5 399
12 13 390
10 16 631
13 17 765
14 13 889
14 20 835
1 8 460
9 11 396
4 1 935
19 5 649
7 14 832
15 18 282
5 6 963
14 4 612
4 7 765
7 3 804
20 11 289
1 11 117
14 12 434
3 20 703
18 9 121
10 8 420
17 5 371
15 17 469
16 8 280
12 7 464
9 5 490
15 18 176
18 2 605
9 20 870
19 9 772
17 14 159
15 1 950
17 20 408
13 11 100
2 20 244
16 20 600
20 4 25
12 17 649
12 18 258
18 7 568
7 18 441
1 13 33
20 9 228
4 20 153
17 12 829
12 7 602
2 16 928
20 12 739
10 6 695
5 6 445
15 1 239
13 10 431
15 20 807
4 2 136
4 15 578
15 7 695
10 16 901
6 9 121
11 16 136
10 7 625
10 8 110
5 17 417
2 1 158
14 9 823
10 15 576
16 15 710
9 20 7
9 15 442
9 4 249
7 16 788
19 10 359
14 17 359
6 20 197
3 11 870
8 3 640
6 2 304
8 12 35
12 13 432
20 14 293
5 3 273
13 17 503
20 1 767
11 7 635
7 6 922
9 7 192
9 10 516
2 18 291
4 14 906
18 1 971
17 18 471
1 16 417
7 12 327
19 4 453
19 5 749
14 1 630
2 6 535
18 16 124
10 1 56
5 17 769
8 4 568
3 20 888
10 13 699
13 15 754
19 17 603
14 17 996
20 11 489
10 20 481
12 9 517
14 8 301
18 3 437
14 15 40
9 8 238
12 3 748
13 17 24
9 8 931
18 2 883
5 4 519
6 4 504
3 17 880
9 12 666
1 7 181
8 9 555
7 9 427
14 15 588
11 5 662
10 13 338
2 14 561
7 16 637
15 3 286
14 3 191
9 5 421
10 18 418
19 11 106
2 5 354
5 7 582
19 12 617
13 8 505
18 4 98
9 12 374
17 10 437
6 9 990
12 2 877
2 5 112
2 5 265
11 17 817
13 10 287
2 5 148
9 4 676
4 16 499
16 2 682
4 7 250
13 14 187
15 9 98
11 18 510
2 19 461
11 13 269
4 19 270
11 13 209
14 18 571
15 17 823
3 12 851
15 12 919
6 1 266
20 6 339
12 17 158
6 3 632
9 17 581
12 14 359
6 2 499
5 8 431
17 5 88
4 16 262
8 12 944
19 13 557
14 10 328
6 11 376
3 4 75
10 6 934
16 1 728
9 20 405
4 8 135
9 14 741
18 19 804
13 1 933
12 10 951
4 5 503
2 12 355
5 9 989
11 14 456
16 19 413
16 14 269
15 6 712
14 15 753
7 3 784
14 11 947
4 8 432
5 3 216
19 2 215
11 10 4
5 19 844
6 17 847
7 14 605
3 17 170
20 19 689
18 19 423
9 19 36
11 9 489
4 11 759
2 7 99
8 1 473
19 17 666
11 7 36
12 7 599
7 13 465
17 6 482
5 14 655
3 7 373
8 4 729
17 6 516
20 12 889
3 5 360
17 12 861
12 15 301
20 3 521
11 17 876
18 11 530
4 13 605
3 7 986
6 18 643
5 15 149
10 19 345
12 10 609
8 20 592
13 5 41
14 3 665
6 3 664
18 4 429
14 2 493
18 2 134
4 17 444
10 19 257
9 19 159
12 11 439
15 18 457
14 15 69
7 4 894
15 8 731
10 2 91
9 14 761
3 9 289
1 13 470
15 1 550
17 15 480
12 7 772
11 8 448
4 20 605
12 11 403
4 11 164
10 3 267
12 13 444
15 4 319
1 8 475
7 11 364
14 5 948
3 4 657
3 17 574
20 12 407
15 17 523
9 20 951
17 11 702
10 13 220
14 5 961
10 7 735
8 9 349
7 9 221
9 5 541
1 8 243
12 1 70
10 1 529
11 17 142
19 16 824
1 11 192
5 1 408
3 14 715
14 12 168
3 17 814
3 6 552
5 20 453
11 8 56
19 16 577
17 4 542
18 10 77
9 13 513
1 17 650
20 11 663
2 7 518
11 8 126
12 19 197
7 15 387
18 16 682
18 12 660
3 18 160
5 15 10
16 8 46
15 17 741
14 7 986
11 12 274
4 10 493
14 6 178
4 12 75
6 13 546
2 14 407
8 5 644
9 13 632
17 13 522
8 13 113
20 9 837
15 5 956
19 17 224
11 19 167
19 20 563
4 19 866
7 9 587
5 4 589
20 7 523
7 2 506
4 20 773
6 11 24
15 19 470
4 8 953
3 5 61
11 7 726
5 17 574
4 9 67
4 16 971
14 5 968
14 19 403
11 5 107
14 5 566
2 11 305
2 18 621
2 12 323
7 12 858
18 1 537
4 13 868
6 5 128
18 9 755
8 9 989
12 20 956
6 7 112
5 12 404
14 7 218
13 17 542
12 4 511
20 3 805
7 1 88
5 6 382
11 12 860
10 6 954
8 9 183
15 6 883
19 8 167
8 11 181
1 17 381
6 4 851
7 14 296
4 13 712
8 4 307
4 11 552
16 5 874
10 1 249
13 8 477
4 1 373
3 4 691
7 9 643
15 13 43
8 3 65
15 3 115
3 20 253
8 11 693
10 14 120
15 17 27
20 16 150
16 3 530
11 2 322
12 16 450
20 1 325
6 2 450
3 1 210
13 14 695
5 9 465
12 5 479
10 14 597
4 12 67
4 7 113
8 19 979
11 10 530
14 9 488
2 16 731
17 19 927
10 16 466
16 17 245
8 6 640
5 8 573
13 17 31
8 18 720
9 19 3
19 18 870
20 12 183
18 14 127
17 4 203
14 9 834
8 3 776
11 3 899
9 1 63
13 11 303
12 6 97
9 13 21
13 15 365
7 19 68
13 18 244
10 9 123
8 4 297
1 2 836
11 10 473
9 1 157
7 17 558
20 16 217
14 11 43
11 16 270
17 10 285
11 15 113
3 7 9
8 9 648
17 10 735
12 14 484
7 3 389
17 14 897
10 12 272
12 18 910
7 13 121
5 2 611
16 5 403
16 18 101
1 12 336
1 13 241
15 12 877
12 17 712
14 11 531
7 1 211
4 10 527
3 2 975
18 20 510
12 14 553
1 4 514
17 13 183
17 18 368
17 11 865
18 10 311
3 13 824
7 3 815
17 12 539
3 2 170
12 14 429
16 12 247
8 7 993
10 9 213
13 15 697
8 13 353
17 8 469
16 10 564
2 9 388
3 1 389
7 17 849
19 18 684
16 8 631
2 6 352
20 14 48
12 11 535
18 8 609
4 5 592
15 10 761
14 2 497
5 19 787
13 19 221
6 17 116
8 19 939
3 16 385
2 4 902
